3.85
5.1
7.41
7.59
6.68
9.58
9.51
10.39
3.66
8.77
10.3
5.2
3.12
10.22
6.19
4.93
10.18
5.21
11.16
6.92
11.75
3.18
11.09
11.41
9.5
7.32
6.84
5.98
5.21
5.8
9.85
10.87
11.39
8.96
5.72
8.54
10.16
7.71
10.52
5.4
11.55
10.22
11.87
6.58
5.8
4.45
9.83
9.23
11.76
5.19
8.96
8.77
8.49
9.57
5.42
9.81
3.68
8.3
11.5
3.4
9.76
7.89
9.18
3.74
4.76
9.84
8.39
8.37
5.13
3.61
7.31
8.93
11.71
11.72
7.57
3.71
3.1
4.39
9.33
5.5
4.85
9.14
5.74
8.45
4.08
6.83
6.54
9.56
5.73
8.96
6.09
5.53
5.27
8.46
10.76
9.28
7.94
8.87
4.51
3.09
7.07
3.31
6.54
4.95
3.05
11.91
4.46
10.64
9.69
11.18
10.0
9.27
3.51
9.79
