897.98
478.33
148.97
789.81
795.61
789.71
897.42
859.75
485.96
479.2
396.34
238.64
897.86
904.86
906.91
924.83
912.88
908.69
984.5
910.3
229.97
231.28
491.6
486.8
213.72
355.02
441.81
184.03
102.0
404.88
338.23
252.46
101.21
378.27
227.23
194.45
758.36
789.83
763.51
784.53
796.39
735.93
842.08
140.27
317.96
310.95
488.09
352.03
392.03
167.64
244.65
162.01
478.56
327.53
486.55
305.4
418.99
343.07
198.91
492.54
403.57
103.28
379.76
394.08
414.54
481.25
479.45
700.86
850.4
789.98
900.63
789.05
123.05
489.0
206.19
159.19
124.83
154.32
10.13
120.87
189.81
287.78
271.26
379.35
309.87
469.16
475.8
432.97
428.12
191.14
433.94
273.46
347.05
149.79
306.52
173.23
358.93
353.16
364.24
302.06